b3ebdd4db297c2439f9fd9bdfd1112864021bd4e  776   15  4   220  420   2  0  1  0  0
9d4e1a57f63ccc2f372b33976cefe98cfad030eb  423   13  3   121  200   1  0  0  0  0
99c73bb172cc272656f68a3e8ae6167f22a7b4b8  432   18  5   3    383   1  1  0  0  0
af57b3b6e50972df54b59d9d6df70078aeee9d1e  228   14  8   9    204   1  0  1  0  0
3341f12c7ebf48065911c88c38ee96c338521250  452   19  5   22   440   1  1  0  0  0
213292404e5f6d53fff59af820c58354dbc47448  1506  17  5   175  983   1  1  0  0  0
5dd28c8bb748af9a2f6d9b1e4b88fcb0d9a6428b  1062  10  14  54   823   3  0  1  1  1
39d9fe6f4d1901ca3ea11a989cbe5325dcf913e9  819   15  19  2    782   3  0  1  1  1
5ebd6109f43e675b9bac3f5341ed42146c2257ab  328   10  6   96   325   1  0  1  0  0
28fc7fdadebbb289a2f9d985b1f8dccfdb3ec3f3  1341  18  7   122  1328  3  0  1  1  0
20efbb55a154674479e9077d368cda4c7ea7ff42  914   25  7   21   912   2  0  1  0  0
479073580fdb3cd4816c8dac12c7f7d09a56986b  766   20  1   61   61    2  0  1  0  0
1e2c2a4cfb704dfa6d06978e68f23802973d59cc  932   9   4   29   715   2  1  0  0  0
0073d51f1c1bbd23985566d9b0a286129a1b040a  343   19  2   62   74    2  0  1  1  1
ccc8102f7bc97693275932e926a380750d947975  289   14  1   40   40    2  0  1  1  0
6a4522eb4c3e0230a6a249b3b80feaef9401eaac  605   17  1   267  267   1  0  0  0  0
274fae37c78d998175fab77829a54973a2774859  638   10  4   13   545   1  0  1  0  0
d5e84b51fd7a82c297afc03ffb0ea72ebfad9df7  1005  15  1   296  296   3  0  1  1  1
5deab190e0f8d3430de9b6e7503696498f2db1d7  582   14  6   23   465   1  1  0  0  0
04abb3f64db1471ef47ac22c2affa63011b717f0  1614  21  7   1    1612  2  0  1  1  0
ed14d2d1eaa506d0c3ed3f30f2a11ed06fd3e926  877   16  5   3    535   2  0  1  0  0
e895ad025db863cb926a74cfaff8dc4166be48e3  281   14  2   18   67    3  0  0  1  1
75b58f1bbf663357243b8b39ad8fcae03eef3ba1  1171  13  6   478  1075  3  0  1  0  0
d6b122164d359900f52e2d7fc747eb5605795a7a  288   18  4   7    273   2  1  0  1  0
3dce5156d25826969a35b5252b9bd9b9ef65cda0  1006  19  10  27   972   3  0  1  1  0
3237920e60013e1568592f6ceab31dd74791dea7  606   20  4   58   193   1  1  0  0  0
80d6e52086966844a9708dcbb0dee0603e9a971e  170   15  2   123  150   2  0  0  0  0
79f00c33bcf7ec839639ca93e54862c58cb494d1  1127  22  2   144  768   2  0  1  1  1
fc664ab36a75d70447fd35fd70b169e45e185f17  806   13  7   25   758   1  0  1  0  0
8c83d07d7cc65e402bc06e295ab9028245b1344b  1114  11  23  8    1092  1  0  1  0  0
5f5a2f1b37d38742976c00f2f334b36d79c529d7  483   18  3   1    475   1  0  0  0  0
c384774d28214f333edca76da03b681c6eb1a192  699   13  10  58   695   3  0  1  1  1
973f208127435fcedf237781dc84cfa9eed9fc5f  304   16  8   5    291   1  0  0  0  0
6990ef5e392b1e079bf55d483602eac2e980dc19  1082  17  4   1    314   3  0  1  1  1
c03edefbd1b3c8f6f6f09c337ad7a3608ca38825  621   10  7   51   539   1  0  1  0  0
b0fe8c8692ef1e519294c0c10b25ec207994a1de  344   12  8   18   289   1  1  0  0  0
0358db765cfad8f39384466e7cc9874de79fecb4  207   11  6   19   199   2  0  0  1  1
da856b3ad7733c965100c7e2dba8de9c46e49efa  815   20  17  9    807   1  1  0  0  0
b271c5604c1c9989e62bf9ba7b31f3196e5cbfa8  404   19  9   9    377   2  0  1  0  0
a4dc4e9206c85b6bb076cf6fdddab7d49654f035  531   22  2   242  514   2  0  0  0  0
e4f6c69e1230ef5f8d479d8c7c66e04e828993eb  1123  18  3   9    415   1  0  0  0  0
b9c43cde821ae5ac1a566329af9ca8cc5579829e  621   15  5   33   484   1  0  1  0  0
8928899b52e31801e7fd34bf1d3b47ac88a2ced6  280   9   2   53   161   1  1  0  0  0
b8275e6e51684d7643f80039aa7d691991cdd7ba  681   18  5   85   362   1  1  0  0  0
967ec70625663ce5bc8c2689efadc18ca38f53b8  812   20  3   104  668   3  0  0  1  0
0278e7fcd4f72a864d791c9f7a84062e996064bf  1001  12  1   187  187   1  1  0  0  0
e279b40a76888ba3607de41665956abb4f8f1d1b  538   13  5   107  501   3  0  1  1  1
b4d8f825ec7d8ea017b397b9271deb8d9804e032  195   14  1   57   57    1  0  1  0  0
19b6f02f063d9c16ec7e76b327e46c5861fcde1b  145   18  1   38   38    1  1  0  0  0
b0d563953a88c86b5d5137c9d89f3a9f0ac60fe7  422   16  1   32   32    3  0  1  1  1
9060b09475e75bee088a8175aed9d0bd399ff36c  557   14  6   133  519   1  0  1  0  0
34e5be46c610fc9e212ecc24079d4704b602ef89  1164  21  16  212  1118  1  0  1  0  0
95f41bb0cc135074a7ca623d3bba71844d53f9cb  881   16  16  25   837   1  1  0  0  0
5e6998c37012ba7c3e3003692a60a36d02952b7e  928   13  1   574  574   3  0  1  1  0
42700fb0f1b614ba1c57e9e6dacbec2558c24456  1706  13  20  38   1491  1  0  0  1  0
f0f6e122d61cf14dae26c6d6e589a86e9f2051c8  254   14  2   23   207   2  0  1  1  0
95a328a75b5ec4d963cfc486a1eb4384aea8223d  1044  14  2   837  890   2  0  1  0  0
0256358fe7a4d0031567d366c099984366d51f7a  415   20  7   22   337   3  0  1  1  0
4fc119aa8374053e215281b3cfca8e0e45504561  690   12  2   24   174   1  1  0  0  0
2e81753e3ecafb21329e327fedfdf6f8f2f1d5e2  1062  10  2   8    421   1  0  1  0  0
9867086247fc00a48f0c074a44e84bb3619cc68c  703   15  2   4    114   2  0  1  0  0
77047e7659d9deb640c739dd9928b0f01a2490e0  405   17  1   221  221   1  1  0  0  0
6a0cfaf430c0bff06cb3c5d24d63e472c1707714  614   15  5   53   464   1  0  0  0  0
bf838a88133461b6f8541def494a5366d6a67e9c  304   10  1   80   80    1  1  0  0  0
51ece76985fa7943e56c7799b1d632b1bece9ee2  682   16  3   159  672   3  0  1  1  1
0ebffa3bbab176ead3ed897726384a2cab82f986  467   13  1   82   82    3  0  1  1  1
f08dae33c50a0ff18b5f7c1f6e231ae8e063ac0b  1394  18  6   158  1042  1  1  0  0  0
6ce7dedc6343e88b6a7161e527fb954b67627fb0  523   18  3   91   439   1  0  1  1  0
1bf8e6c0339958ea43c813cf93d1d4f1e7d99d8e  449   17  14  44   395   1  0  1  0  0
a0a942adc15d9357b02747f1135d5a9fbf841053  487   15  5   27   193   1  1  0  0  0
5aafdeb6914e3a90ea68a135c6503404c791cedd  483   18  3   119  382   1  0  1  0  0
3a3a8bcced33ff364c97f6b842827bf56d45a3e4  329   19  9   3    315   2  0  1  1  0
98449d41301275ee16d05005d81d5fbe20f810be  876   14  7   29   839   1  0  1  0  0
4a43924712108b3dcdd6cb1f30257329823061e4  382   12  3   14   242   2  0  1  0  0
47fa5e2926b87cf789a484493abe85c4d93e3146  1087  12  2   17   132   3  0  1  1  0
69cedb361813829d7e497f43f2ae9e2c65fce988  750   11  8   169  711   2  0  1  0  0
3375c0b830f3ca4fbd6a49ba806bb2d2aebe8770  594   19  1   136  136   3  1  0  1  0
0c9d1fa0348c78f326af928a20e06c6f8a7b46da  202   13  8   2    178   1  1  0  0  0
c24f413620f274ba936a1d67afbbeefc849d40a8  470   15  1   24   24    2  0  1  1  1
443baa119da2d4be74dc1d289b6bf401d39ba41c  452   19  2   14   40    1  1  0  0  0
1ceae5d2c5810ff9652f908cbd450ceff3a25f9f  283   9   1   154  154   3  0  1  1  1
eb2721a871acbe977d5f7c664dec63e529466fda  1069  17  3   108  985   2  0  0  0  0
cd5c12338bdcfc92e7e53737b88ee494b023d043  417   16  2   113  145   1  1  0  0  0
a077a4e1ce0abcd10cf9b7e4bc3022cb0f3fd28c  791   14  6   16   680   1  0  1  0  0
e53efa1d26a46702649a58528ef693dcd46e73dd  1015  18  1   79   79    1  0  0  0  0
a31d85148345ff485a5cbf1a5072a1ae5fcee7ca  879   15  16  16   843   2  0  1  0  0
3c530f20b98d50edad341e648493be1830f59400  670   17  16  6    614   2  1  0  0  0
f903ad406836b1ec0f10a6560d1a08712ce1e209  417   16  1   109  109   1  0  0  0  0
8c22804101d778afb3a0e7d556570cc04dadb815  682   18  3   42   418   1  0  1  0  0
37aa10aa4902163c71cc5a50efd8db4b29fbf657  538   13  7   25   448   3  0  1  1  1
b81e5b60db2d01faab72838e8e5ce9dd73793b57  868   16  2   296  430   1  0  1  0  0
9d2d5d4dc7a05b5a724d09d84ad1f00a217188e0  311   13  1   117  117   1  1  0  0  0
1ebb814e6dfdf50213fa49b41264e9954786b829  1001  18  8   333  709   3  0  1  1  0
8758f0ae0a4d5cce8cfe6d32c20a73e9ba0b4d67  486   20  2   29   277   2  0  1  1  0
391a1f5f3160b069ec1ab0c84e0fce3555613d28  1234  8   26  16   1206  2  0  1  1  1
2c84b9fd367796c5b427f3c397dd2bce7462a7d6  1635  9   2   121  202   1  1  0  0  0
f482fda31be37f8fcf158427e78d7d3d04501bb4  492   10  3   29   457   1  1  0  0  0
b02b90b6d7aaf293f6dd70f3f7f3308d02f5fa95  1006  19  16  103  998   1  0  1  0  0
4d768f26efa27ec976f1f43cd5b878831ab5ddbb  719   18  1   329  329   3  0  1  1  0
886a3d92a3b2cc5f960998c312d8ef34654bba97  305   18  3   132  174   2  0  1  0  0
